7

5 4 100 2 3
1 5 50
5 3 160
5 4 100 2 3
1 5 50
5 3 140


8 3 15 7 5
3 4 10
4 5 20
5 6 10
6 1 7
3 7 1000
7 8 50
3 5 1000000000

8 3 15 7 4
3 4 10
4 5 20
5 6 10
6 1 7
3 7 1000
7 8 50
3 5 1000000000

8 3 15 7 2
3 4 10
4 5 20
5 6 10
6 1 7
3 7 1000
7 8 50
3 5 1000000000

8 3 15 7 1
3 4 10
4 5 20
5 6 10
6 1 7
3 7 1000
7 8 50
3 5 1000000000

8 3 15 7 8
3 4 10
4 5 20
5 6 10
6 1 7
3 7 1000
7 8 50
3 5 1000000000

100 100 0 100 150 
100 100 0 100 140 
17 32 30 20 0 10 1030 1080 
25 25 10 0 20 30 1010 1060 
15 0 15 25 32 22 1015 1065 
0 15 15 25 17 7 1015 1065 
1065 1065 1050 1060 1080 1072 50 0 