254
350380393246387407 847395881992166468
919562160155799658 948184023881194273
703118210014149611 778169552312817395
298137981935622358 403553919503289678
78373400793231242 930285580139844836
772262288482570681 864673126534720707
899344473692125203 956751840376056045
610364856210483012 945846478346524641
336012132775236268 656056400406449270
751431457089531691 885102615759338623
482525689711546125 489660685846783363
863360737612241147 916267228473383437
387291074607832779 798305191127761550
943626024397746635 947385519685006013
789126942561822236 978550298073181934
117948457382236886 312638261675030982
380358232253597405 506192518985002696
806349787672563594 813329648318728156
184562095395210634 559603935707981051
789849578890642438 891105799771887020
31303330050469380 780694167000758765
112352299930920460 963541618353444988
474417103556452517 894084565835446455
300874217897188106 710433699017015285
350380393246387407 847395881992166468
919562160155799658 948184023881194273
703118210014149611 778169552312817395
298137981935622358 403553919503289678
78373400793231242 930285580139844836
772262288482570681 864673126534720707
899344473692125203 956751840376056045
610364856210483012 945846478346524641
336012132775236268 656056400406449270
751431457089531691 885102615759338623
482525689711546125 489660685846783363
863360737612241147 916267228473383437
1 1000000000000000000
2 999999999999999999
3 999999999999999998
4 999999999999999997
5 999999999999999996
6 999999999999999995
7 999999999999999994
8 999999999999999993
9 999999999999999992
10 999999999999999991
11 999999999999999990
12 999999999999999989
13 999999999999999988
14 999999999999999987
15 999999999999999986
16 999999999999999985
17 999999999999999984
18 999999999999999983
19 999999999999999982
20 999999999999999981
21 999999999999999980
22 999999999999999979
56065 82213
40066 92293
26569 56446
42150 64698
23738 25119
28271 47713
69256 75513
88984 92219
19160 89112
17939 80606
36741 69752
96325 98795
19230 63951
80261 95019
16902 51683
50016 54722
83763 90574
67640 84569
44337 75861
64960 86032
52444 80560
74850 79646
92393 97133
38105 72657
39421 75931
88535 95282
46516 84046
86496 95312
71708 97121
77517 80695
43383 74176
71979 88421
59997 83212
59385 63968
42743 79801
49869 65637
98533 98874
42672 74324
999999999999689970 999999999999810860
999999999999321174 999999999999960144
999999999999804014 999999999999885137
999999999999262448 999999999999920859
999999999999358790 999999999999740927
999999999999928378 999999999999929631
999999999999339118 999999999999610923
999999999999898962 999999999999955624
999999999999534043 999999999999867830
999999999999934595 999999999999952899
999999999999488733 999999999999871668
999999999999148878 999999999999764395
607111817467662135 754901377811166241
723358226313400893 832568259673675088
457068856201065314 740544427085401822
826665791362598971 915223526245380339
252494331525198591 819294014871719366
615832640410887241 828582666401519909
380915470144042268 992505570872709463
913424773214805288 985139956427533295
842327350820637003 906415186458225035
172725459176035929 261574407743400872
618731627238437920 802610102092819163
650574193621152934 942311958963454653
607938060645745559 770945490999933493
686664974907181447 743395582984983092
42478549475381863 855388469550096442
714172990797403658 771079927449927596
625190697451165450 847163468039685088
488548755085147681 864912955953138469
20879618786875063 74517892223683873
121597343384481992 158993331948704635
832934227507057378 972156243275671487
614531836509333137 950218352516165572
236801669852428991 328707218925216835
72485621026461136 439667446493756115
829387527654026704 934852426442014917
608764303823828983 780379667353967945
426599686646186192 841380798659342805
627888238454731117 979531018661824788
378308161967367129 871284812761392991
997887063377132310 999439634182938965
361264865464440824 767012240753400635
660843771724675153 886976185209261693
636405844803970126 638131918697661034
820340408532356640 888815752444677626
773981670922897374 967945349188680168
74813655532565417 677884360135403849
100228135211176464 911602819148923686
609590542706945111 783203885398433118
389906435239966746 945825807592433626
436669964288856178 988638755484709511
265815361402171817 670387547625094123
370583433598066465 895625367681037747
233980980138701264 952507412587275290
300807928957442539 478818340046078536
609582394730973153 623932414747061506
921032955815604362 933391791216159848
74609776796328096 984665147889222417
579482628529886061 688761009212268787
713369089726283974 863348820089253310
610416785885028535 652793086178462594
353213179538780004 830111269433502107
22079653268205432 540152727878521947
929950528277167992 965462092268010378
743279803819000621 859755959659952445
106697094812961703 343155469652554318
940772077600275333 969084000686333423
359386916393134964 441499335646343040
798353457654141685 907661765972408236
375237886964726114 908805929703954318
307523642676949810 351500652396078545
326510048536358779 966345726277710886
611243029063111959 662227275417398934
93147891277784749 757701173666136840
830861379102330493 840922070190415179
817457732006939975 996595391213750901
115976169744967480 328873883087117426
979413209487222143 997752451500034855
580736230538075424 648548973364182814
332563470615105287 600450345395675082
899046004937389407 941323195429042660
675865997133124132 863476906700629461
35564656824013558 906054637012896399
163023039906242096 575507757086570023
612069272241195383 665051514936700587
56454635576598007 754998885836235079
196175501530232972 677768400412169121
990913694230756111 990951184190176086
787427174939551510 938973898617446164
563432195484941891 712716330029489122
253295579167634210 335663567149934011
842635162621978473 989542328475753682
987303790273776257 995885381420683494
76712707675528260 616946337496862462
795245765512976392 838291194297664945
534433498870991836 554411663543378723
346620900173721378 944339304076784421
573085972405365554 700527978711666687
636211779656770805 657949118773603171
945262438478716454 969918208486398162
454189578667904221 913951206777258978
338292239677969992 852002446904379178
551930975822706632 864763126954031054
705923563883129192 728355243485405269
876760300052198976 901467494438353314
853291800028821278 971090693752561403
774749761854313314 987121105266256538
428861982516505641 485855441835316280
347447139056837506 688978937069122768
536392720999146108 914192582266320579
715846075332156687 981032003169480104
234060467874986775 637443443982594012
317958804404683313 928424325907504674
326905689047197365 826203311920755426
978256392615770083 996232679738141355
301735488894933851 902276690537069504
806616111166376914 902826170316064992
177388410220596994 300568968289476977
581332814175885026 685840107458432761
611262753224196631 860617203812184046
348273382234920930 529513002672665416
276327428443183558 728735835622107243
301255764311505941 350559419120437667
121567671604758758 939782355055549983
690655174625617469 720865181661977948
199621808016425101 575182053623372349
618220545553570173 677437945086515674
274912047411871470 328130714468695161
683936621594848829 711594588589618537
478016516094027717 730512557491252625
86001791468172967 872200491725741790
224403707739304140 484039721583314295
349099621118037058 930010439255728881
239634177036964111 676815213253719152
110037490145631002 123993252309217334
233046390793975214 296397935640526837
687333794067429726 945675859070015494
362920364499223289 984025423194849543
588995375305407399 616991478752429855
367892208132461092 463551245907740165
347880695149017267 865928797156529331
642076133802184274 803108674550849241
904581566796146478 974991666138805960
457430166288479916 464925761758809447
349925864296120482 675476345490921724
202940925630744665 220363693359143730
695447179124980256 866923983399383775
673210042209526917 687138347099353402
659419943332326996 704027760346714894
945054033069978684 950821200564110377
131842409625201128 525262757501840816
933402143355133201 995971108562933170
668103423303264825 764617235078299169
513209935801257026 753442788287445568
971595979416294256 996221287430227239
890758574074213160 982445377130893814
1 1
1000000000000000000 1000000000000000000