7
36 12
100 100
-50 100
0 -100
763 77
512 859
494 362
-986 -885
-866 890
128 553
-879 981
449 310
-406 10
-955 -47
0 -10
763 770
512 85
494 36
-986 -88
-866 89
128 55
-879 98
449 31
-406 101
-955 -47
-95 -475
10 -100
76 77
51 859
49 362
-98 -885
-86 890
12 553
-87 981
44 310
-40 10
-95 -475
000000100010
100000000000
000000010001
000100000010
000010000000
001000000001
000001000010
000000000100
010000000001
000000001000
000000100010
100000000000
000000010001
000100000010
000010000000
001000000001
000001000010
000000000100
010000000001
000000001000
000000100010
100000000000
000000010001
000100000010
000010000000
001000000001
000001000010
000000000100
010000000001
001000001000
001001000010
001000000100
010000100010
100000000000
010000010001
010100000010
3 2
100 100
-50 100
0 -100
10
01
10
3 6
100 100
-50 100
0 -100
111110
110011
001111
3 6
100 100
-50 100
0 -100
111110
110011
111111
3 6
100 100
-50 100
0 -210
111110
110011
111111
3 6
100 100
-50 100
0 -210
111010
110011
111011
10 10
763 77
512 859
494 362
-986 -885
-866 890
128 553
-879 981
449 310
-406 10
-955 -475
0000001000
1000000000
0000000100
0001000000
0000100000
0010000000
0000010000
0000000001
0100000000
0000000010
